10 0.215719 0.724080 0.073579 0.093645
10 0.227425 0.609532 0.066890 0.088629
10 0.344482 0.498746 0.060201 0.091137
10 0.231187 0.399666 0.067726 0.090301
10 0.250836 0.308946 0.060201 0.087793
10 0.250836 0.233696 0.060201 0.084448
10 0.249582 0.156355 0.054348 0.085284
10 0.257943 0.083194 0.059365 0.087793
4 0.548677 0.404537 0.057656 0.088847
4 0.812854 0.712193 0.073724 0.087902
4 0.786862 0.604915 0.080340 0.088847
4 0.776938 0.492439 0.069943 0.088847
4 0.746692 0.319943 0.060491 0.080340
4 0.734405 0.237240 0.056711 0.085066
4 0.716919 0.158790 0.053875 0.083176
4 0.706049 0.088374 0.052930 0.086011
12 0.075052 0.722567 0.100414 0.109731
12 0.157867 0.073499 0.075569 0.107660
6 0.808205 0.085554 0.077840 0.109397
6 0.935133 0.700210 0.111501 0.110098
9 0.096073 0.603436 0.095372 0.100281
9 0.161641 0.149369 0.077840 0.109397
7 0.100982 0.494390 0.092567 0.112202
7 0.153226 0.220898 0.079243 0.127630
8 0.099896 0.373188 0.112836 0.154244
11 0.129400 0.284679 0.093168 0.151139
3 0.909420 0.590580 0.096273 0.098344
3 0.818841 0.157350 0.080745 0.101449
1 0.888444 0.487414 0.101831 0.109840
1 0.828375 0.222540 0.080092 0.117849
2 0.890700 0.379831 0.119565 0.150966
5 0.858696 0.291996 0.112648 0.155138