10 0.215321 0.723085 0.072464 0.087992
10 0.456522 0.599379 0.060041 0.084886
10 0.343168 0.498965 0.067288 0.086957
10 0.230849 0.399586 0.068323 0.091097
10 0.250000 0.308696 0.054783 0.078261
10 0.250435 0.238261 0.064348 0.086957
10 0.253043 0.156957 0.059130 0.082609
10 0.258261 0.083478 0.055652 0.081739
4 0.547619 0.406315 0.064182 0.087992
4 0.813665 0.717391 0.076605 0.084886
4 0.786232 0.603520 0.077640 0.084886
4 0.775880 0.497412 0.067288 0.081781
4 0.744306 0.322464 0.062112 0.079710
4 0.732919 0.236025 0.057971 0.080745
4 0.716874 0.158903 0.052795 0.081781
4 0.703290 0.086957 0.055229 0.083431
12 0.074943 0.719680 0.101831 0.105263
12 0.157895 0.073799 0.075515 0.110984
6 0.931856 0.699415 0.114548 0.107860
6 0.808528 0.083194 0.075251 0.109532
9 0.094022 0.604348 0.098913 0.102174
9 0.159239 0.152174 0.070652 0.106522
7 0.101285 0.497530 0.093874 0.113636
7 0.152668 0.218874 0.078063 0.131423
8 0.100791 0.370553 0.112648 0.154150
11 0.129291 0.287757 0.107551 0.154462
3 0.909263 0.592628 0.102079 0.100189
3 0.818526 0.155009 0.085066 0.102079
1 0.888834 0.487154 0.099802 0.102767
1 0.825099 0.222332 0.077075 0.120553
2 0.888043 0.378747 0.123913 0.150973
5 0.859684 0.285573 0.118577 0.144269